id:list
1:31,32,33,34,35,36,37,38,39,40
2:31,32,33,34,35,36,37,38,39,40,41,42
3:31,32,33,34,35,36,37,38,39,40
4:31,32,33,34,35,36,37,38,39,40,41,42
5:1,2,3,4,5,6,7,8,9,10
6:1,2,3,4,5,6,7,8,9,10,11,12
7:1,2,3,4,5,6,7,8,9,10,11,12
8:18,31,32,33,34,35,36,37,38,39,40,41,42
9:18,26,31,32,33,34,35,36,37,38,39,40,41,42
10:21,31,32,33,34,35,36,37,38,39,40,41,42
11:21,31,32,33,34,35,36,37,38,39,40,41,42
12:21,31,32,33,34,35,36,37,38,39,40,41,42
13:21,31,32,33,34,35,36,37,38,39,40,41,42
14:21,31,32,33,34,35,36,37,38,39,40,41,42
15:18,19,31,32,33,34,35,36,37,38,39,40,41,42
16:18,19,21,26,31,32,33,34,35,36,37,38,39,40,41,42
17:22,31,32,33,34,35,36,37,38,39,40
18:22,31,32,33,34,35,36,37,38,39,40,41,42
19:22,31,32,33,34,35,36,37,38,39,40,41,42
20:22,31,32,33,34,35,36,37,38,39,40,41,42
21:18,22,26,31,32,33,34,35,36,37,38,39,40,41,42
22:18,19,22,25,26,31,32,33,34,35,36,37,38,39,40,41,42
23:18,19,21,22,25,26,31,32,33,34,35,36,37,38,39,40,41,42
24:13,14,18,19,21,22,25,26,31,32,33,34,35,36,37,38,39,40,41,42
25:21,22,31,32,33,34,35,36,37,38,39,40
26:21,22,31,32,33,34,35,36,37,38,39,40,41,42
27:21,22,31,32,33,34,35,36,37,38,39,40,41,42
28:21,22,31,32,33,34,35,36,37,38,39,40,41,42
29:10,13,14,18,19,21,22,25,26,31,32,33,34,35,36,37,38,39,40,41,42
30:10,13,14,32,34,35,36,38,40,41,42
31:18,19,22,23,25,26,31,32,33,34,35,36,37,38,39,40,41,42
32:18,19,21,22,23,25,26,31,32,33,34,35,36,37,38,39,40,41,42
33:13,14,18,19,21,22,23,25,26,31,32,33,34,35,36,37,38,39,40,41,42
34:10,13,14,18,19,21,22,23,25,26,31,32,33,34,35,36,37,38,39,40,41,42
35:1,2,3,4,5,6,7,8,9,10,25,33,34
36:1,2,3,4,5,6,7,8,9,10,19,21,25,33,34,39,40
37:1,2,3,4,5,6,7,8,9,10,13,14,19,21,25,33,34,39,40
38:1,2,3,4,5,6,7,8,9,10,13,14,19,21,25,33,34,39,40
39:1,2,3,4,5,6,7,8,9,10,13,14,19,21,25,33,34,39,40
40:1,2,3,4,5,6,7,8,9,10,15,16,29,30
41:1,2,3,4,5,6,7,8,9,10,11,12,15,16,29,30
42:1,2,3,4,5,6,7,8,9,10,11,12,15,16,29,30
43:1,2,3,4,5,6,7,8,9,10,11,12,15,16,29,30
44:1,2,3,4,5,6,7,8,9,10,11,12,13,14,15,16,29,30
45:1,2,3,4,5,6,7,8,9,10,11,12,13,14,15,16,29,30
46:18,19,20,22,23,24,25,26,27,28
47:18,19,20,22,23,24,25,26,27,28
48:18,19,21,22,23,24,25,26,27,28
49:18,19,20,21,22,23,24,25,26,27,28
50:18,19,21,22,23,24,25,26,27,28
51:18,19,20,21,22,23,24,25,26,27,28,36
52:18,19,20,21,22,23,24,25,26,27,28,36
53:18,19,22,23,24,25,26,27,28,44
54:18,19,20,22,23,24,25,26,27,28,43,44
55:18,19,21,22,23,24,25,26,27,28,44
56:13,14,18,19,20,21,22,23,24,25,26,27,28,36,43,44,45,46
57:18,19,21,24,28,31,32,33,34,35,36,37,38,39,40,41,42
58:18,19,21,22,23,24,25,26,27,28,31,32,33,34,35,36,37,38,39,40,41,42
59:17,18,19,20,21,22,23,24,25,26,27,28
60:17,18,19,20,21,22,23,24,25,26,27,28,31,32,33,34,35,36,37,38,39,40,41,42
61:17,18,19,20,21,22,23,24,25,26,27,28,31,32,33,34,35,36,37,38,39,40,41,42,43,44
62:21,31,32,33,34,35,36,37,38,39,40,41,42
63:21,31,32,33,34,35,36,37,38,39,40,41,42
64:18,19,20,22,23,24,25,26,27,28,31,32,33,34,35,36,37,38,39,40,41,42
65:16,31,32,33,34,35,36,37,38,39,40,41,42
66:15,16,29,30,31,32,33,34,35,36,37,38,39,40,41,42
67:15,16,17,18,19,20,21,22,23,24,25,26,27,28,29,30,31,32,33,34,35,36,37,38,39,40,41,42,43,44
68:12,15,16,17,18,19,20,21,22,23,24,25,26,27,28,29,30,31,32,33,34,35,36,37,38,39,40,41,42,43,44
69:12,15,16,17,18,19,20,21,22,23,24,25,26,27,28,29,30,31,32,33,34,35,36,37,38,39,40,41,42,43,44
70:12,15,16,17,18,19,20,21,22,23,24,25,26,27,28,29,30,31,32,33,34,35,36,37,38,39,40,41,42,43,44
71:12,13,14,15,16,17,18,19,20,21,22,23,24,25,26,27,28,29,30,31,32,33,34,35,36,37,38,39,40,41,42,43,44,45,46
72:18,19,21,22,23,24,25,26,27,28,44,45,46
73:10,21,24,25,32,34,35,36,38,40,41,42,45,46
74:15,16,31,32,33,34,35,36,37,38,39,40,41,42
75:16,31,32,33,34,35,36,37,38,39,40,41,42
76:15,16,29,30,31,32,33,34,35,36,37,38,39,40,41,42
77:11,12,31,32,33,34,35,36,37,38,39,40,41,42
78:11,12,15,16,29,30,31,32,33,34,35,36,37,38,39,40,41,42
79:18,19,21,24,26,28,31,32,33,34,35,36,37,38,39,40,41,42
80:18,19,21,22,23,24,25,26,27,28,31,32,33,34,35,36,37,38,39,40,41,42,45,46
81:13,14,17,18,19,20,21,22,23,24,25,26,27,28,31,32,33,34,35,36,37,38,39,40,41,42,45,46
82:13,14,17,18,19,20,21,22,23,24,25,26,27,28,31,32,33,34,35,36,37,38,39,40,41,42,44,45,46
83:1,2,3,4,5,6,7,8,9,10,13,14,15,16,17,18,19,20,21,22,23,24,25,26,27,28,29,30,31,32,33,34,35,36,37,38,39,40,41,42,43,44,45,46
84:11,12,31,32,33,34,35,36,37,38,39,40,41,42
85:1,2,3,4,5,6,7,8,9,10,11,12,13,14,15,16,17,18,19,20,21,22,23,24,25,26,27,28,29,30,31,32,33,34,35,36,37,38,39,40,41,42,43,44,45,46
86:11,12,15,16,29,30,31,32,33,34,35,36,37,38,39,40,41,42
87:1,2,3,4,5,6,7,8,9,10,11,12,13,14,15,16,17,18,19,20,21,22,23,24,25,26,27,28,29,30,31,32,33,34,35,36,37,38,39,40,41,42,43,44,45,46
88:1,2,3,4,5,6,7,8,9,10,11,12,13,14,15,16,17,18,19,20,21,22,23,24,25,26,27,28,29,30,31,32,33,34,35,36,37,38,39,40,41,42,43,44,45,46
